0.000000 1.088000
0.529114 0.580000
2.091671 0.726667
2.218599 0.655000
2.646716 0.580000
3.174286 0.655000
3.741929 0.580000
5.916756 0.655000
7.930561 0.580000
7.938492 0.655000
7.944451 0.580000
15.829490 0.655000
23.764970 0.726667
31.666874 0.767500
39.578659 0.844000
47.660746 0.926667
55.527795 0.982857
56.1617
56.196847 0.982857
63.333749 1.027500
71.805314 1.061111
79.464397 1.088000
87.236168 1.110000
95.321491 1.128333
96.992128 1.143846
97.193264 1.128333
103.226210 1.143846
111.019553 1.207143
111.673315 1.143846
111.875621 1.207143
118.589333 1.310000
127.004060 1.400000
133.799311 1.480000
134.687006 1.400000
135.002002 1.480000
141.503403 1.550000
150.945764 1.613158
153.388620 1.550000
153.528881 1.613158
157.296698 1.670500
157.299265 1.613158
157.666046 1.670500
157.732325 1.613158
158.373862 1.670500
158.985748 1.613158
158.988061 1.670500
165.816961 1.721905
172.988921 1.768182
173.270981 1.721905
174.456392 1.768182
182.256549 1.811304
187.987137 1.850417
188.272143 1.811304
189.787526 1.850417
193.361754 1.886400
193.779070 1.850417
196.911436 1.886400
198.678332 1.850417
198.996863 1.886400
206.223358 1.919615
206.249954 1.886400
206.297638 1.919615
212.467557 1.950741
212.990558 1.919615
214.524241 1.950741
220.364686 1.978929
220.416689 1.950741
222.149794 1.978929
230.237974 2.005517
236.124976 2.030667
236.325737 2.005517
237.087741 2.030667
237.094756 2.005517
237.870715 2.030667
238.128164 2.005517
238.160371 2.030667
243.449107 2.075625
243.488554 2.030667
245.970261 2.053548
253.734407 2.075625
257.922662 2.053548
258.677486 2.075625
261.273916 2.096061
261.784484 2.075625
261.894331 2.096061
266.263896 2.115294
266.504846 2.096061
268.695747 2.115294
268.988981 2.096061
269.150607 2.115294
269.407684 2.096061
269.672745 2.115294
276.403289 2.133429
276.459909 2.115294
276.464734 2.133429
276.898832 2.115294
277.226104 2.133429
277.250434 2.115294
277.995369 2.133429
284.077247 2.150556
284.357019 2.133429
285.538990 2.150556
286.151474 2.133429
286.203839 2.150556
294.042730 2.166757
297.784232 2.182105
298.183329 2.166757
301.089607 2.182105
303.805443 2.196923
304.107279 2.182105
305.444996 2.166757
305.476276 2.182105
307.136901 2.196923
307.404111 2.182105
308.944611 2.196923
309.619610 2.182105
309.736981 2.196923
315.942586 2.210500
317.856686 2.196923
317.856895 2.210500
320.802448 2.223902
321.158456 2.210500
322.430887 2.223902
322.719381 2.210500
323.102559 2.223902
323.770058 2.210500
325.661634 2.223902
326.963541 2.210500
326.982613 2.223902
330.792393 2.236428
331.503994 2.223902
331.884495 2.236428
332.119619 2.223902
332.762361 2.236428
337.015552 2.248139
337.096701 2.236428
338.317636 2.248139
338.962863 2.236428
339.216419 2.248139
339.344657 2.236428
341.269841 2.248139
341.609519 2.236428
341.706860 2.248139
343.786740 2.259773
344.231896 2.248139
348.608360 2.259773
349.460198 2.248139
349.471239 2.259773
353.120566 2.270667
353.264059 2.259773
353.863850 2.248139
354.304461 2.270667
355.020169 2.259773
356.781942 2.270667
363.019564 2.281087
363.535102 2.270667
364.937564 2.281087
368.551261 2.270667
368.668764 2.281087
369.662992 2.291064
370.207630 2.281087
371.521525 2.291064
371.565365 2.281087
372.541552 2.291064
373.577834 2.281087
373.681570 2.291064
378.668661 2.300833
379.140930 2.291064
380.084950 2.300833
381.644270 2.309796
381.712298 2.300833
386.525255 2.309796
386.576331 2.300833
387.807068 2.309796
387.946087 2.300833
388.967123 2.309796
391.357310 2.300833
391.699135 2.309796
393.893515 2.318600
394.233266 2.309796
395.041570 2.318600
399.250892 2.327255
399.653746 2.318600
402.184662 2.327255
404.684088 2.318600
404.940929 2.327255
411.871046 2.335192
415.721749 2.343208
415.732483 2.335192
417.267758 2.343208
418.559344 2.335192
420.782324 2.343208
421.881011 2.335192
422.046726 2.343208
428.537787 2.350741
429.164113 2.343208
429.401958 2.350741
436.252932 2.358000
438.184214 2.350741
438.197394 2.358000
440.076520 2.365000
440.133734 2.358000
441.871578 2.365000
443.373377 2.358000
443.523641 2.365000
443.797200 2.358000
444.783392 2.365000
445.509056 2.358000
445.638721 2.365000
449.566785 2.371754
449.583928 2.365000
451.181464 2.371754
456.423673 2.365000
456.424371 2.371754
457.847413 2.378276
458.156532 2.371754
458.813456 2.378276
459.087223 2.371754
459.098362 2.378276
459.692222 2.371754
460.414911 2.378276
466.897966 2.384576
467.982645 2.371754
468.158621 2.384576
468.402258 2.378276
468.640071 2.384576
473.166949 2.390833
473.670581 2.384576
474.545855 2.390833
482.254686 2.396557
482.301789 2.390833
484.046630 2.396557
489.626831 2.402419
490.350436 2.396557
494.456073 2.407937
494.628000 2.402419
499.567562 2.407937
500.373372 2.402419
500.626118 2.407937
507.770737 2.413125
509.354258 2.407937
509.611636 2.413125
511.334972 2.407937
511.889381 2.413125
512.387626 2.418462
512.966712 2.413125
513.127917 2.418462
513.204517 2.413125
513.700250 2.418462
513.784335 2.413125
513.992243 2.418462
521.271153 2.423485
521.980521 2.418462
522.743274 2.423485
523.166391 2.418462
525.231592 2.423485
527.080714 2.418462
527.775424 2.423485
532.160464 2.428358
534.365907 2.433088
534.542064 2.428358
537.163517 2.433088
537.646288 2.428358
540.899411 2.433088
542.642830 2.437681
543.872386 2.433088
548.089979 2.437681
553.418425 2.442286
554.048126 2.437681
554.680926 2.442286
557.559217 2.437681
558.360287 2.442286
564.068081 2.446479
567.275783 2.450833
568.484728 2.446479
568.682348 2.450833
575.752387 2.454794
577.682694 2.450833
578.858641 2.454794
587.736422 2.458919
589.929394 2.462800
591.143540 2.458919
595.863043 2.462800
596.614453 2.458919
598.059906 2.462800
599.146409 2.458919
599.583430 2.462800
601.090032 2.466579
601.293978 2.462800
603.865504 2.466579
606.805613 2.462800
607.080958 2.466579
611.099725 2.470260
620.527267 2.473846
623.485273 2.477342
624.415583 2.484198
624.582767 2.473846
624.725054 2.477342
636.306203 2.480750
637.414586 2.477342
639.181758 2.484198
640.347880 2.480750
644.341598 2.484198
647.587784 2.487317
647.624745 2.484198
650.913966 2.477342
652.171753 2.487317
653.016102 2.484198
653.506018 2.487317
659.077936 2.490602
664.682528 2.493572
664.906712 2.490602
665.153323 2.493572
666.621900 2.490602
667.920045 2.496706
669.030085 2.490602
669.963914 2.496706
673.191724 2.493572
675.941102 2.496706
683.259431 2.499651
683.996111 2.496706
684.475245 2.499651
684.871331 2.502529
684.968153 2.499651
685.000207 2.502529
687.705093 2.499651
688.860456 2.502529
692.212566 2.505341
694.218547 2.502529
695.727638 2.505341
704.414553 2.508090
706.551692 2.505341
707.234160 2.513516
707.318668 2.505341
708.930807 2.508090
711.286766 2.510778
712.919041 2.508090
713.271541 2.510778
716.308766 2.513516
717.012416 2.510778
729.568810 2.513516
730.663700 2.510778
730.705283 2.515978
734.675319 2.513516
735.108853 2.515978
740.831232 2.518602
741.382207 2.520957
741.636098 2.518602
743.479581 2.520957
744.090185 2.518602
744.756558 2.523474
748.541549 2.520957
755.106186 2.523474
757.684653 2.525833
763.932247 2.523474
764.538071 2.525833
772.195447 2.528144
772.439727 2.530408
776.471234 2.525833
779.039405 2.530408
787.352778 2.532626
789.227279 2.530408
795.269408 2.534800
795.935368 2.532626
798.199054 2.534800
800.886402 2.539118
800.921787 2.536931
807.692776 2.539118
810.946162 2.536931
814.881583 2.539118
818.332768 2.541068
821.204060 2.539118
825.088892 2.541068
826.763512 2.543173
827.426974 2.545048
827.938705 2.543173
828.826856 2.545048
829.897171 2.543173
832.300205 2.545048
836.431767 2.543173
836.651928 2.545048
846.104760 2.547075
849.243435 2.548972
857.148181 2.550833
857.379869 2.548972
863.497402 2.552660
863.876438 2.554455
869.436074 2.552660
869.801799 2.550833
871.820796 2.552660
874.422899 2.554455
881.300923 2.556216
882.391439 2.554455
884.141937 2.556216
889.035435 2.558036
897.871300 2.559646
901.992287 2.558036
905.353751 2.561404
922.015043 2.564655
929.409084 2.566239
933.520836 2.567797
944.252046 2.570833
945.514093 2.569328
953.332382 2.570833
955.934127 2.569328
964.148450 2.572314
973.413180 2.573771
977.525697 2.575285
980.391481 2.573771
985.940291 2.576613
993.218122 2.578080
1005.078514 2.580787
