0.000000 1.000000
2.644952 2.000000
2.645558 1.000000
5.612660 2.000000
5.613362 1.000000
5.916017 1.500000
5.917743 1.000000
7.929570 2.000000
7.931551 1.000000
7.931551 2.000000
7.932542 1.000000
7.932542 2.000000
7.933038 1.000000
7.933533 2.000000
7.934525 1.000000
7.937500 2.000000
7.937996 1.000000
7.938492 2.000000
7.939485 1.000000
7.940478 2.000000
7.941471 1.000000
7.943458 2.000000
7.944451 1.500000
7.945445 1.000000
7.945445 2.000000
7.949424 1.000000
7.949424 2.000000
7.950419 1.000000
7.950419 2.000000
7.951415 1.000000
7.968377 2.000000
8.869406 1.000000
11.197327 2.000000
11.205710 1.000000
11.208507 2.000000
11.209907 1.000000
11.215507 2.000000
11.218309 1.000000
11.222515 2.000000
11.223917 1.000000
11.226723 2.000000
11.228127 1.000000
11.230936 2.000000
11.242183 1.000000
15.727554 1.500000
15.770520 1.000000
15.811753 2.500000
15.827517 2.000000
15.835411 2.500000
15.841337 1.000000
15.843313 2.500000
15.845290 2.000000
15.849245 2.500000
15.851223 1.000000
15.851223 2.000000
15.853202 1.000000
15.855181 2.000000
15.857161 1.000000
15.857161 2.500000
15.859141 1.000000
15.859141 1.500000
15.863103 1.000000
15.863103 1.500000
15.863103 2.000000
15.865084 1.000000
15.865084 1.500000
15.865084 2.000000
15.867066 1.000000
15.867066 2.500000
15.869049 1.000000
15.869049 2.500000
15.871032 1.000000
15.871032 1.500000
15.873016 1.000000
15.873016 1.500000
15.873016 2.500000
15.875000 1.000000
15.875000 2.000000
15.875000 2.500000
15.876985 1.000000
15.876985 2.000000
15.876985 2.500000
15.878970 1.000000
15.878970 2.000000
15.878970 2.500000
15.880955 1.000000
15.880955 1.500000
15.882941 1.000000
15.882941 1.250000
15.882941 1.500000
15.882941 2.000000
15.882941 2.500000
15.884928 1.000000
15.884928 2.500000
15.886915 1.000000
15.886915 2.000000
15.888903 1.000000
15.890891 1.500000
15.892879 1.000000
15.892879 2.000000
15.894869 1.000000
15.894869 2.000000
15.900839 1.500000
15.902830 2.500000
15.906814 1.000000
15.906814 2.000000
15.906814 2.500000
15.908806 1.000000
15.940756 1.500000
15.990934 1.000000
16.007058 1.500000
16.037378 1.000000
16.057656 2.000000
17.669278 1.000000
17.700114 2.500000
17.702321 1.000000
17.702321 2.000000
17.704528 1.000000
17.711153 2.500000
17.715573 1.000000
17.717783 2.500000
17.722206 1.500000
17.722206 2.500000
17.724418 1.000000
17.735488 1.500000
17.739920 1.000000
17.739920 2.000000
17.746571 1.000000
17.746571 2.000000
17.748790 2.500000
17.751008 2.000000
17.753228 1.000000
17.753228 2.500000
17.755448 2.000000
17.757668 1.000000
17.762111 1.500000
17.768779 1.000000
17.779904 2.000000
17.793273 1.000000
17.795503 2.500000
17.824544 1.000000
17.846948 2.000000
22.239964 1.333333
22.322287 1.500000
22.325062 2.500000
22.425412 1.000000
22.436617 2.500000
22.439421 2.000000
22.439421 2.500000
22.447834 2.000000
22.450640 1.000000
22.459062 2.000000
22.461871 1.500000
22.464681 1.000000
22.475926 1.500000
22.498450 1.000000
22.560623 1.500000
23.635236 1.000000
23.670477 2.000000
23.735360 1.000000
23.753117 2.000000
23.770901 1.000000
23.773867 1.333333
23.773867 2.333333
23.782772 2.000000
23.785741 1.000000
23.785741 2.000000
23.788711 1.000000
23.788711 2.333333
23.794654 1.000000
23.794654 2.333333
23.797626 2.000000
23.797626 2.333333
23.800600 1.000000
23.800600 2.333333
23.803574 1.000000
23.803574 2.000000
23.806548 1.333333
23.806548 2.000000
23.806548 2.333333
23.809524 2.000000
23.812500 1.333333
23.812500 2.333333
23.815477 1.000000
23.815477 2.000000
23.815477 2.333333
23.818455 2.000000
23.824412 2.333333
23.827392 1.333333
23.830373 2.000000
23.830373 2.333333
23.833354 1.000000
23.833354 2.333333
23.839319 1.000000
23.839319 2.333333
23.842303 1.000000
23.842303 1.333333
23.842303 2.000000
23.842303 2.333333
23.848272 1.333333
23.866199 1.000000
25.066113 1.333333
25.069242 2.000000
25.072373 2.333333
25.075503 1.666667
25.084901 1.000000
25.084901 1.333333
25.084901 1.666667
25.088035 2.333333
25.091170 2.000000
25.091170 2.333333
25.100579 1.000000
25.100579 2.333333
25.103717 1.000000
25.103717 1.666667
25.103717 2.000000
25.106856 1.000000
25.109995 2.000000
25.109995 2.333333
25.116277 1.666667
25.116277 2.000000
25.119418 1.000000
25.131994 1.333333
25.135140 1.666667
25.138286 1.333333
25.138286 2.333333
25.141434 1.000000
25.144582 2.333333
25.157183 1.000000
25.157183 2.333333
25.160335 2.000000
25.166641 1.333333
25.169796 1.000000
25.185580 2.333333
28.444839 2.500000
28.569067 1.666667
28.604761 1.000000
28.608335 0.666667
28.611910 1.000000
28.615486 2.333333
28.619063 2.500000
28.622641 2.333333
28.633380 1.666667
28.651296 1.500000
28.665645 2.333333
28.694386 1.000000
31.377393 2.250000
31.505830 2.000000
31.541041 1.000000
31.580256 2.250000
31.647147 2.000000
31.662927 1.000000
31.674772 2.250000
31.678723 2.000000
31.682674 2.250000
31.690580 1.000000
31.694535 1.500000
31.698490 1.000000
31.702446 2.250000
31.710362 1.500000
31.710362 2.000000
31.710362 2.250000
31.718282 2.000000
31.722243 1.000000
31.722243 1.750000
31.722243 2.000000
31.722243 2.250000
31.730169 1.000000
31.730169 1.500000
31.730169 1.750000
31.730169 2.250000
31.734133 1.250000
31.734133 2.250000
31.738098 1.000000
31.738098 1.500000
31.738098 2.250000
31.742064 2.000000
31.746032 1.750000
31.746032 2.000000
31.750000 1.000000
31.750000 1.250000
31.750000 1.500000
31.750000 1.750000
31.750000 2.000000
31.753969 1.000000
31.753969 1.500000
31.753969 1.750000
31.753969 2.000000
31.753969 2.250000
31.757939 1.500000
31.757939 1.750000
31.757939 2.000000
31.757939 2.250000
31.761911 1.000000
31.761911 2.000000
31.761911 2.250000
31.769856 1.750000
31.773830 2.250000
31.781782 1.000000
31.781782 2.250000
31.793716 1.750000
31.793716 2.250000
31.801678 1.750000
31.809643 2.000000
31.817612 1.000000
31.817612 2.250000
31.825586 2.000000
31.829574 1.500000
31.833563 2.250000
31.845537 2.000000
31.873510 1.500000
31.985896 1.750000
32.608943 2.000000
32.649608 1.000000
32.653680 2.000000
32.653680 2.250000
32.669978 1.000000
32.690374 2.250000
32.694456 1.250000
32.694456 2.000000
32.702624 1.500000
32.706709 2.000000
32.710796 1.000000
32.714883 2.250000
32.718971 2.000000
32.723061 1.000000
32.723061 2.000000
32.723061 2.250000
32.727151 1.500000
32.727151 2.000000
32.739428 1.750000
32.743523 2.250000
32.755812 1.500000
32.755812 1.750000
32.755812 2.000000
32.755812 2.250000
32.759911 1.750000
32.764010 1.500000
32.764010 2.250000
32.768111 2.000000
32.776315 2.250000
32.796844 1.000000
32.796844 1.500000
32.796844 2.250000
32.805063 1.000000
32.809174 1.500000
32.854462 1.000000
32.862710 1.750000
33.369859 2.000000
33.371446 1.333333
33.390793 2.000000
33.671751 1.666667
33.705453 1.000000
35.378178 2.000000
35.422307 1.500000
35.470976 1.000000
35.470976 2.250000
35.475407 2.500000
35.479839 2.250000
35.484273 1.750000
35.484273 2.250000
35.488707 2.000000
35.502017 1.750000
35.502017 2.250000
35.510896 1.250000
35.510896 2.000000
35.515337 1.750000
35.524222 2.500000
35.533112 2.250000
35.577629 1.500000
39.529382 2.250000
39.554005 1.800000
39.558933 2.000000
39.588529 1.000000
39.588529 1.600000
39.593466 1.800000
39.608283 1.600000
39.623112 2.200000
39.628058 1.800000
39.628058 2.200000
39.637953 1.400000
39.637953 1.800000
39.642902 2.000000
39.642902 2.200000
39.647852 2.250000
39.657757 1.333333
39.657757 1.800000
39.657757 2.000000
39.662711 1.600000
39.667666 1.000000
39.667666 1.600000
39.667666 1.666667
39.667666 2.000000
39.672623 1.000000
39.677581 1.600000
39.677581 2.000000
39.677581 2.200000
39.682540 1.666667
39.682540 2.000000
39.687500 1.800000
39.687500 2.200000
39.692462 1.600000
39.692462 2.000000
39.697424 1.500000
39.697424 2.000000
39.697424 2.200000
39.702388 1.250000
39.702388 1.800000
39.702388 2.200000
39.707354 1.000000
39.707354 2.250000
39.707354 2.333333
39.712320 1.400000
39.712320 2.250000
39.717288 1.200000
39.717288 1.600000
39.717288 2.200000
39.722257 1.800000
39.727227 1.750000
39.737171 1.000000
39.772016 1.600000
39.776998 2.000000
39.786967 1.000000
39.796942 2.200000
39.860611 2.000000
39.881924 2.200000
39.912005 1.800000
40.087624 2.200000
40.167193 1.000000
40.194961 2.200000
40.252081 2.000000
40.267099 2.200000
40.352410 2.000000
40.367503 2.200000
40.372536 1.800000
40.387644 2.000000
40.387644 2.200000
40.402763 1.600000
40.402763 1.800000
40.402763 2.200000
40.417893 1.600000
40.422939 1.400000
40.422939 1.800000
40.422939 2.200000
40.427986 2.000000
40.427986 2.200000
40.438084 2.000000
40.438084 2.200000
40.443135 1.000000
40.443135 2.000000
40.448187 1.600000
40.448187 1.800000
40.448187 2.200000
40.453241 1.400000
40.453241 1.600000
40.453241 2.200000
40.458296 1.600000
40.458296 1.800000
40.458296 2.200000
40.463352 1.800000
40.463352 2.000000
40.463352 2.200000
40.468409 1.000000
40.468409 1.400000
40.468409 1.600000
40.468409 2.000000
40.468409 2.200000
40.473467 2.000000
40.478527 1.400000
40.478527 1.600000
40.478527 2.000000
40.478527 2.200000
40.483588 1.600000
40.483588 2.200000
40.488651 1.000000
40.488651 1.400000
40.488651 1.600000
40.488651 1.800000
40.488651 2.000000
40.488651 2.200000
40.493714 1.000000
40.493714 1.600000
40.493714 1.800000
40.493714 2.000000
40.493714 2.200000
40.498779 1.000000
40.498779 1.200000
40.498779 2.200000
40.508913 1.600000
40.508913 1.800000
40.513981 2.200000
40.524123 1.800000
40.524123 2.200000
40.529195 1.400000
40.529195 1.800000
40.529195 2.200000
40.554577 1.600000
40.564738 2.000000
40.564738 2.200000
40.569821 2.000000
40.569821 2.200000
40.600343 1.600000
40.600343 2.000000
40.625814 2.200000
40.666634 1.600000
40.769043 2.200000
40.851342 1.400000
41.901478 2.200000
42.521508 1.800000
42.627520 2.200000
42.723384 1.500000
42.728722 1.000000
42.728722 2.200000
42.734062 2.000000
42.744746 1.000000
42.750089 1.800000
42.760781 1.600000
42.760781 2.200000
42.766129 1.000000
42.766129 1.800000
42.766129 2.200000
42.766129 2.500000
42.771478 2.200000
44.901281 1.250000
44.901281 1.500000
44.912509 2.250000
45.537504 1.666667
46.231171 1.000000
46.231171 2.333333
46.248494 1.600000
46.254272 2.333333
46.265831 1.666667
46.283181 2.000000
46.294754 1.333333
46.294754 1.666667
46.300543 1.000000
46.300543 1.666667
46.312126 1.333333
46.323714 2.000000
46.358513 2.200000
46.410810 1.666667
46.439915 1.333333
46.721192 1.666667
47.095179 1.833333
47.211896 2.166667
47.476636 2.000000
47.488471 1.833333
47.494390 2.166667
47.541802 1.666667
47.541802 2.000000
47.547735 1.666667
47.559606 2.166667
47.565543 1.500000
47.565543 2.166667
47.577423 1.333333
47.577423 1.833333
47.577423 2.000000
47.577423 2.166667
47.589308 1.333333
47.589308 1.666667
47.589308 2.166667
47.595253 1.500000
47.595253 2.166667
47.607147 1.500000
47.607147 1.833333
47.607147 2.166667
47.613097 1.833333
47.613097 2.000000
47.613097 2.166667
47.625000 1.666667
47.625000 1.833333
47.625000 2.000000
47.625000 2.166667
47.630954 1.500000
47.630954 2.000000
47.630954 2.166667
47.636909 1.000000
47.636909 2.166667
47.642866 1.333333
47.642866 2.166667
47.648824 1.833333
47.654784 1.666667
47.654784 2.166667
47.660746 1.666667
47.660746 1.833333
47.672673 1.000000
47.672673 2.000000
47.672673 2.166667
47.678638 2.000000
47.684606 1.833333
47.696545 2.166667
48.143515 1.500000
48.155519 2.166667
48.167530 1.833333
48.179059 2.000000
48.191568 2.166667
48.221651 1.666667
48.227671 1.833333
48.227671 2.166667
48.239718 1.666667
48.239718 2.166667
48.245743 2.000000
48.251770 2.166667
48.263829 1.666667
48.263829 1.833333
48.263829 2.000000
48.269860 1.500000
48.269860 2.000000
48.269860 2.166667
48.287964 2.000000
48.287964 2.166667
48.294001 1.666667
48.294001 2.000000
48.294001 2.166667
48.312123 1.833333
48.318166 1.500000
48.318166 1.666667
48.318166 1.833333
48.324211 1.666667
48.324211 1.833333
48.330258 2.166667
48.336306 1.666667
48.336306 2.000000
48.336306 2.166667
48.354459 1.666667
48.354459 2.166667
48.384745 1.833333
48.384745 2.166667
48.451508 1.833333
48.451508 2.000000
48.671298 2.166667
48.714267 2.000000
48.868348 2.166667
50.069725 1.500000
50.088459 2.500000
50.169802 2.166667
50.188611 1.833333
50.188611 2.000000
50.207434 2.166667
50.207434 2.500000
50.213711 2.166667
50.219990 1.666667
50.226271 2.166667
50.232553 1.333333
50.232553 2.166667
50.238837 1.666667
50.263988 2.000000
50.270279 2.166667
50.314365 2.500000
50.320669 2.000000
50.345902 2.166667
50.629884 1.800000
50.793053 1.600000
50.824799 2.000000
50.831153 2.200000
50.837508 1.750000
50.843865 1.800000
50.850224 2.200000
50.913898 1.800000
51.105881 1.600000
53.179894 2.166667
53.199819 2.333333
53.219759 2.166667
53.259684 2.000000
53.273005 2.333333
53.279669 2.166667
53.299668 1.000000
53.339713 1.666667
54.702832 2.166667
55.272320 2.142857
55.382507 1.857143
55.396311 2.142857
55.403216 1.857143
55.437765 2.142857
55.479281 2.000000
55.486206 2.142857
55.488483 1.857143
55.493134 2.142857
55.500062 1.714286
55.500062 1.857143
55.500062 2.142857
55.506993 1.857143
55.506993 2.000000
55.513925 2.142857
55.527795 1.857143
55.527795 2.000000
55.527795 2.142857
55.534733 1.714286
55.534733 2.142857
55.548613 1.714286
55.548613 2.000000
55.548613 2.142857
55.555556 1.571429
55.555556 1.857143
55.555556 2.000000
55.562500 1.571429
55.569446 1.857143
55.569446 2.142857
55.576394 1.857143
55.583344 2.142857
55.590295 2.000000
55.590295 2.142857
55.597248 1.428571
55.597248 2.142857
55.618118 1.000000
55.618118 2.000000
55.618118 2.142857
55.632040 1.857143
55.653546 2.000000
55.680822 1.571429
55.680822 2.000000
55.708735 1.857143
55.715718 2.142857
55.764134 1.571429
55.861260 2.000000
55.930843 1.800000
55.937811 1.571429
55.979654 2.000000
55.986634 1.571429
55.986634 2.142857
56.007585 2.000000
56.014572 2.142857
56.028551 1.428571
56.035543 1.571429
56.035543 2.142857
56.042537 1.714286
56.042537 2.142857
56.049533 2.000000
56.049533 2.142857
56.063529 1.857143
56.070530 1.714286
56.070530 2.142857
56.077533 1.571429
56.077533 1.857143
56.084537 1.571429
56.084537 2.000000
56.084537 2.142857
56.084537 2.200000
56.091544 1.714286
56.091544 1.857143
56.091544 2.142857
56.098551 1.428571
56.098551 1.714286
56.098551 1.857143
56.098551 2.142857
56.105561 1.857143
56.105561 2.000000
56.105561 2.142857
56.112573 1.142857
56.112573 1.714286
56.112573 1.857143
56.112573 2.142857
56.119586 1.857143
56.119586 2.000000
56.119586 2.142857
56.126601 1.571429
56.126601 2.142857
56.126601 2.200000
56.133617 1.714286
56.133617 2.142857
56.140636 1.714286
56.140636 1.857143
56.140636 2.000000
56.140636 2.142857
56.147656 1.857143
56.147656 2.000000
56.147656 2.142857
56.147656 2.200000
56.154678 1.714286
56.154678 1.857143
56.154678 2.000000
56.154678 2.142857
56.161702 1.571429
56.161702 1.857143
56.161702 2.000000
56.161702 2.142857
56.168727 1.857143
56.168727 2.000000
56.175755 1.857143
56.175755 2.142857
56.189814 1.714286
56.196847 2.000000
56.203881 1.714286
56.203881 2.142857
56.210917 1.857143
56.217955 2.000000
56.224994 1.428571
56.224994 1.714286
56.224994 1.857143
56.224994 2.000000
56.246124 1.857143
56.246124 2.142857
56.253170 2.000000
56.253170 2.200000
56.295487 1.857143
56.316670 2.000000
56.344937 1.714286
56.422821 2.000000
56.437004 1.857143
56.444099 1.714286
56.529373 2.000000
57.031388 2.166667
57.131006 2.250000
57.145265 1.750000
57.195230 2.166667
57.216670 1.750000
57.223821 1.833333
57.245282 2.166667
57.252440 2.000000
57.252440 2.250000
57.266760 2.000000
57.266760 2.166667
57.634581 2.142857
57.764211 2.000000
57.771429 2.142857
57.785872 2.000000
57.800322 1.571429
57.814780 1.714286
57.814780 1.857143
57.822011 2.142857
57.858195 1.285714
57.894424 2.142857
57.908929 1.857143
57.996108 2.142857
58.127371 2.000000
60.209362 1.857143
60.284417 1.333333
60.306970 1.857143
60.337067 1.666667
60.344596 2.333333
60.389809 1.857143
60.389809 2.142857
60.412441 1.285714
60.427539 1.857143
60.435090 2.000000
60.442644 1.666667
60.472876 1.857143
60.472876 2.142857
60.495571 1.857143
60.495571 2.142857
61.831549 2.200000
61.854684 2.000000
61.924192 1.833333
61.931925 2.200000
61.939660 2.166667
61.947396 1.800000
61.955135 1.833333
61.978362 2.000000
62.009359 1.800000
62.017113 2.166667
62.024869 2.000000
62.040387 2.166667
62.410504 1.571429
62.509561 1.600000
62.638718 2.125000
63.420724 1.750000
63.428643 1.875000
63.428643 2.000000
63.468266 2.125000
63.476196 1.875000
63.476196 2.125000
63.492063 1.875000
63.492063 2.125000
63.515879 1.875000
63.523821 2.000000
63.531766 1.875000
63.531766 2.125000
63.539712 1.875000
63.539712 2.125000
63.547661 1.750000
63.547661 2.125000
63.555611 1.875000
63.563564 1.625000
63.587433 2.125000
63.619286 1.875000
63.643197 2.125000
63.651172 1.625000
63.683089 2.125000
63.810715 2.142857
63.818670 1.875000
63.818670 2.125000
63.826626 1.875000
63.826626 2.125000
63.850507 1.750000
63.850507 2.125000
63.866438 1.857143
63.866438 2.125000
63.898323 1.625000
63.906300 2.125000
63.946211 1.875000
63.946211 2.125000
63.962190 1.714286
63.962190 1.875000
63.962190 2.000000
63.962190 2.125000
63.970182 1.625000
63.970182 2.125000
63.978176 1.500000
63.978176 2.125000
63.986173 1.625000
63.986173 1.750000
63.986173 1.875000
63.986173 2.125000
63.994171 1.875000
63.994171 2.000000
63.994171 2.125000
64.002171 1.875000
64.002171 2.000000
64.002171 2.250000
64.010173 1.875000
64.010173 2.125000
64.018178 1.625000
64.018178 1.875000
64.026184 1.125000
64.026184 1.857143
64.026184 1.875000
64.026184 2.125000
64.042203 1.750000
64.042203 1.875000
64.042203 2.000000
64.042203 2.125000
64.050215 1.875000
64.050215 2.125000
64.066245 2.250000
64.082284 2.125000
64.098331 1.750000
64.106357 2.125000
64.114385 1.875000
64.114385 2.142857
64.130448 1.857143
64.138482 1.875000
64.170640 1.750000
64.437176 1.875000
64.485876 2.125000
65.242264 1.875000
65.397079 2.000000
65.405248 2.125000
65.413418 1.875000
65.421591 2.500000
65.437942 1.875000
65.462485 2.000000
65.487045 1.500000
65.503429 1.875000
65.503429 2.125000
65.511624 1.875000
65.528021 2.125000
65.544425 1.875000
65.569048 2.500000
65.692437 2.125000
65.725419 1.875000
65.725419 2.125000
66.759431 1.666667
66.917512 1.857143
67.234261 1.833333
67.351921 2.166667
67.360341 1.833333
67.368763 2.166667
67.436216 2.000000
67.580003 1.500000
67.632042 1.666667
67.733363 1.875000
67.784138 2.125000
67.809554 1.875000
67.818030 2.125000
67.834988 2.333333
67.843471 2.000000
67.851956 1.875000
67.890586 1.000000
67.894411 1.875000
67.902908 2.000000
67.911408 1.750000
67.953938 2.125000
68.051284 1.800000
68.056227 2.000000
68.255361 1.600000
68.263891 1.800000
68.263891 2.142857
68.289493 1.857143
68.306572 1.800000
68.315114 2.142857
68.315114 2.200000
68.323659 2.142857
68.366415 1.857143
68.374972 2.200000
68.409224 2.142857
68.469247 2.200000
68.477831 1.857143
70.088300 2.111111
70.826944 2.000000
70.933092 2.125000
70.959678 1.875000
70.977414 2.125000
71.030674 2.250000
71.075118 1.875000
71.144031 2.111111
71.250468 1.888889
71.366134 2.111111
71.375047 2.000000
71.375047 2.111111
71.383962 1.888889
71.383962 2.111111
71.392879 1.888889
71.412935 2.111111
71.437500 1.888889
71.446431 1.000000
71.446431 2.111111
71.455364 1.888889
71.455364 2.111111
71.464299 2.000000
71.473237 1.888889
71.473237 2.000000
71.473237 2.111111
71.482176 1.888889
71.500063 1.444444
71.509009 1.888889
71.509009 2.111111
71.517958 1.888889
71.526909 1.333333
71.544817 1.888889
71.581844 1.777778
71.599671 2.111111
71.653203 2.000000
71.670429 1.888889
71.688409 1.666667
71.706816 1.888889
71.715759 1.777778
71.724705 2.000000
71.724705 2.111111
71.733652 1.888889
71.751554 2.000000
71.760509 1.888889
71.760509 2.000000
71.760509 2.111111
71.787385 2.000000
71.787385 2.111111
71.796349 1.666667
71.796349 2.000000
71.796349 2.111111
71.805314 1.888889
71.814282 2.000000
71.823252 1.888889
71.823252 2.000000
71.823252 2.111111
71.832224 1.888889
71.841199 2.000000
71.850176 1.888889
71.850176 2.000000
71.850176 2.111111
71.859155 1.777778
71.859155 2.111111
71.868136 1.666667
71.868136 1.888889
71.868136 2.111111
71.877120 1.888889
71.877120 2.000000
71.877120 2.111111
71.886105 2.000000
71.895093 2.111111
71.904084 1.888889
71.904084 2.000000
71.904084 2.111111
71.913076 2.000000
71.913076 2.111111
71.922071 1.555556
71.922071 1.888889
71.931068 1.777778
71.931068 2.111111
71.940067 1.888889
71.940067 2.111111
71.949069 1.888889
71.949069 2.111111
71.958072 2.000000
71.958072 2.111111
71.967078 1.888889
71.967078 2.111111
71.976087 1.666667
71.976087 1.888889
71.976087 2.111111
71.985097 1.888889
71.994110 2.000000
72.021162 2.111111
72.030184 2.000000
72.030184 2.111111
72.048234 1.888889
72.066294 2.111111
72.102440 1.888889
72.111482 2.111111
72.630663 1.888889
72.897687 2.111111
72.943069 1.888889
72.988539 2.142857
72.997640 1.888889
73.034066 2.000000
73.088773 1.888889
73.097899 1.833333
73.097899 2.166667
73.116157 1.777778
73.125290 1.857143
73.161844 1.888889
73.161844 2.000000
73.189283 1.833333
73.189283 1.888889
73.189283 2.000000
73.189283 2.111111
73.189283 2.166667
73.198434 1.888889
73.225900 2.000000
73.271724 1.833333
73.271724 2.111111
73.290069 1.833333
73.326788 1.888889
74.749882 2.000000
74.844803 2.125000
74.863509 1.875000
74.872866 1.750000
74.891587 2.125000
74.910317 1.600000
74.919685 1.875000
74.975945 2.125000
75.051090 2.200000
75.085865 2.333333
75.113952 1.666667
75.151434 1.888889
75.170189 2.000000
75.198339 2.111111
75.245303 1.888889
75.245303 2.000000
75.292325 2.111111
75.301737 1.777778
75.301737 1.888889
75.301737 2.111111
75.320567 1.888889
75.405419 2.000000
75.433746 1.888889
75.443193 2.111111
75.452642 1.666667
75.462094 2.111111
75.471548 2.000000
75.518853 2.333333
75.830102 2.125000
78.126480 1.888889
78.194858 2.250000
78.224199 1.888889
78.253562 2.000000
78.518352 1.857143
78.636218 2.142857
79.137587 1.700000
79.186884 2.100000
79.216567 1.900000
79.216567 2.100000
79.236336 1.875000
79.266009 2.100000
79.305608 1.900000
79.305608 2.100000
79.314827 1.900000
79.315513 2.000000
79.315513 2.100000
79.325422 1.875000
79.335332 1.800000
79.355161 1.900000
79.365079 2.100000
79.384923 1.900000
79.384923 2.166667
79.394849 1.875000
79.404777 1.900000
79.414707 1.833333
79.414707 2.000000
79.414707 2.100000
79.424640 2.000000
79.434576 2.100000
79.434576 2.125000
79.444514 2.100000
79.464397 1.900000
79.532291 2.100000
79.552119 1.900000
79.562037 2.100000
79.623824 2.000000
79.641470 1.900000
79.651411 2.000000
79.671299 2.100000
79.681246 1.900000
79.691197 2.000000
79.691197 2.100000
79.701149 2.000000
79.721062 1.900000
79.721062 2.100000
79.731022 1.900000
79.740985 1.800000
79.740985 1.900000
79.740985 2.100000
79.750950 1.800000
79.750950 2.000000
79.760918 2.100000
79.780860 1.900000
79.780860 2.000000
79.790835 1.600000
79.790835 1.900000
79.790835 2.100000
79.800813 1.800000
79.800813 2.100000
79.820776 2.000000
79.820776 2.100000
79.830761 1.900000
79.830761 2.100000
79.860731 1.900000
79.880724 2.100000
79.920739 2.000000
79.970815 1.900000
79.970815 2.000000
80.041026 2.100000
80.051066 1.800000
80.785364 2.100000
80.876168 1.900000
80.957054 1.800000
80.967177 2.100000
80.967177 2.500000
80.977301 1.900000
80.987428 2.100000
81.027963 1.900000
81.119313 2.000000
81.139641 1.500000
81.619540 2.111111
81.660319 1.888889
81.660319 2.111111
81.701139 1.888889
81.721564 1.800000
81.721564 2.200000
81.731781 1.888889
81.731781 2.000000
81.752221 1.888889
81.762445 1.800000
81.762445 1.888889
82.611771 2.100000
82.632365 1.900000
82.828519 2.100000
84.229381 1.857143
84.397882 2.142857
84.408436 1.857143
85.372105 1.900000
85.446768 1.750000
85.478806 1.900000
85.489491 2.100000
85.553657 1.900000
85.739298 2.111111
85.857190 1.833333
85.857190 2.166667
85.867923 2.111111
85.867923 2.166667
86.160109 1.909091
87.116488 2.090909
87.138224 1.909091
87.268866 2.090909
87.301587 1.909091
87.312500 2.000000
87.323415 1.909091
87.323415 2.090909
87.334334 1.909091
87.345009 2.000000
87.345254 2.090909
87.355888 1.909091
87.377653 2.000000
87.388965 1.818182
87.388965 1.909091
87.399430 2.090909
87.410322 2.000000
87.421217 2.090909
87.432720 2.000000
87.443665 1.909091
87.464824 2.000000
87.475733 2.090909
87.497558 1.909091
87.530316 2.000000
87.530316 2.090909
87.542299 1.909091
87.552169 2.090909
87.563099 1.909091
87.563099 2.090909
87.574032 1.909091
87.584968 2.090909
87.606848 1.909091
87.606848 2.090909
87.617792 1.909091
87.617792 2.000000
87.617792 2.090909
87.628739 1.909091
87.628739 2.000000
87.628739 2.090909
87.639688 1.909091
87.639688 2.090909
87.650640 1.545455
87.650640 1.909091
87.650640 2.090909
87.661595 1.909091
87.661595 2.000000
87.661595 2.090909
87.672553 1.909091
87.672553 2.000000
87.683514 1.909091
87.683514 2.000000
87.694477 1.909091
87.705443 2.000000
87.705443 2.090909
87.716411 1.909091
87.727383 2.000000
87.727383 2.090909
87.738357 2.000000
87.749334 1.909091
87.749334 2.000000
87.749334 2.090909
87.760313 1.909091
87.760313 2.000000
87.760313 2.090909
87.782281 1.909091
87.815253 2.090909
87.837248 1.909091
87.848250 2.090909
87.859254 1.909091
87.870261 2.090909
87.914317 1.909091
87.925338 2.000000
88.002563 2.090909
88.478512 1.909091
88.602883 2.000000
88.666365 2.090909
88.677440 1.909091
88.677440 2.500000
88.688518 2.000000
88.699598 1.909091
88.699598 2.090909
88.710681 1.909091
88.710681 2.000000
88.721767 1.800000
88.721767 2.000000
88.721767 2.100000
88.732856 1.900000
88.732856 2.090909
88.755042 1.800000
88.755042 1.900000
88.766139 1.454545
88.766139 1.909091
88.766139 2.100000
88.777239 1.900000
88.788342 1.818182
88.821667 1.909091
88.877264 1.900000
88.910655 2.000000
88.977514 1.909091
88.988667 2.090909
89.022142 1.900000
89.201104 1.818182
89.290952 1.909091
89.572493 2.090909
89.836250 1.875000
90.320783 2.000000
90.444896 1.888889
90.478805 2.111111
90.490113 1.888889
90.524055 2.000000
90.535375 2.090909
90.546698 1.909091
90.558023 2.090909
90.580682 1.909091
90.603353 2.090909
90.682790 1.909091
91.288790 2.090909
91.657226 2.000000
92.439257 1.900000
92.524392 2.090909
92.685926 1.909091
92.693815 1.900000
92.697486 1.909091
92.917670 2.000000
92.929288 1.909091
94.917788 1.916667
95.119211 2.083333
95.142964 1.916667
95.238095 1.833333
95.261908 1.916667
95.261908 2.083333
95.297649 1.916667
95.428929 1.750000
95.440882 2.083333
95.448915 2.000000
95.496597 1.916667
95.544328 2.083333
95.556268 2.000000
95.556268 2.083333
95.574666 1.800000
95.580157 1.916667
95.616013 2.000000
95.616013 2.083333
95.651896 1.888889
95.651896 1.916667
95.651896 2.000000
95.699782 2.083333
95.699782 2.125000
95.711761 1.916667
95.729684 2.200000
95.735728 2.000000
95.747715 2.083333
95.783697 1.916667
95.849272 1.909091
95.849272 2.200000
95.861247 1.909091
95.969158 2.090909
  96 x 95.8491 PPI, 60 Hz
96.005183 1.818182
96.005183 1.909091
96.239048 1.750000
96.253935 1.875000
96.411708 1.916667
96.527657 1.750000
96.527657 1.916667
96.539720 2.000000
96.612161 1.750000
96.636332 1.916667
96.648423 2.500000
96.660516 1.916667
96.684711 2.083333
96.792742 2.142857
96.841115 1.900000
96.889535 2.000000
96.925882 2.100000
96.998659 1.857143
97.146736 2.083333
98.132387 1.916667
98.181453 2.083333
98.218285 1.916667
98.242854 2.083333
98.255144 1.916667
98.255144 2.333333
98.267437 1.750000
98.625266 2.333333
99.369641 1.909091
99.419308 2.166667
99.506343 1.833333
99.568605 2.090909
99.791095 1.916667
100.276969 1.750000
100.289490 2.083333
100.863977 1.888889
101.002631 2.111111
101.129010 1.888889
101.687730 1.875000
102.191136 2.000000
102.820645 1.923077
103.058677 2.083333
103.071545 2.076923
103.135932 2.000000
103.135932 2.076923
103.161710 1.923077
103.161710 2.076923
103.161710 2.083333
103.169932 1.923077
103.260003 2.076923
103.272883 2.000000
103.298653 1.923077
103.324436 2.076923
103.329578 1.923077
103.350232 2.076923
103.376040 1.923077
103.376040 2.000000
103.401862 1.923077
103.401862 2.000000
103.414777 2.076923
103.427696 1.909091
103.427696 1.923077
103.433154 2.076923
103.440618 1.923077
103.440618 2.000000
103.440618 2.076923
103.446115 1.923077
103.453543 1.769231
103.453543 1.923077
103.466472 1.857143
103.466472 2.000000
103.492338 1.923077
103.505276 2.076923
103.518218 1.727273
103.518218 2.076923
103.534412 1.923077
103.544110 2.000000
103.544110 2.076923
103.557061 2.000000
103.570016 1.857143
103.570016 2.000000
103.582973 1.923077
103.621866 2.000000
103.634836 1.923077
103.634836 2.076923
103.751717 1.923077
103.790737 2.000000
103.803749 1.923077
103.960159 2.076923
104.206126 1.923077
104.232135 2.076923
104.310241 1.923077
104.336302 1.846154
104.349338 2.076923
104.414564 2.000000
104.427619 2.076923
104.440678 1.923077
104.453739 1.846154
104.466804 2.076923
104.545262 1.769231
104.558350 2.076923
105.543250 2.000000
105.833313 2.076923
105.872990 2.000000
105.886223 1.846154
105.899459 2.000000
105.912698 1.923077
105.939186 2.076923
105.952435 1.923077
105.992202 2.076923
106.005464 1.666667
106.045271 2.076923
106.439518 2.166667
106.519367 2.083333
106.748110 1.900000
106.841562 2.111111
107.719304 2.090909
107.799972 2.076923
107.907718 2.090909
107.921202 1.750000
107.921202 2.076923
107.921202 2.125000
107.948179 2.090909
107.948179 2.125000
107.961672 1.923077
108.015680 1.909091
108.029190 2.000000
108.083266 1.923077
108.137395 2.000000
108.340865 1.923077
109.653663 2.071429
109.870675 2.076923
110.243713 2.083333
110.387041 2.000000
110.395469 2.083333
110.473727 2.076923
110.584228 1.800000
110.584228 1.923077
110.584228 2.200000
110.694951 1.800000
110.922136 1.928571
110.944715 2.071429
111.055590 1.928571
111.194497 2.000000
111.324628 1.928571
111.505689 2.071429
111.515304 1.928571
111.589454 1.857143
111.687340 1.928571
111.715339 1.714286
111.889560 1.857143
112.043121 1.928571
112.043121 2.000000
112.094702 2.071429
112.155066 1.928571
112.197103 1.900000
112.211122 1.928571
112.211122 2.071429
112.239172 1.928571
112.253202 2.071429
112.281272 2.500000
112.337455 1.785714
112.337455 2.071429
112.464072 1.928571
112.742607 1.909091
112.798971 2.111111
112.855392 2.000000
113.406715 2.166667
113.548350 1.928571
113.605103 2.166667
113.647705 1.928571
113.676124 1.923077
113.718779 1.857143
113.718779 2.071429
114.333336 1.916667
114.420040 2.071429
114.490564 2.000000
114.691299 1.875000
115.513987 2.000000
115.600645 1.928571
115.600645 2.071429
116.456005 1.916667
117.151851 2.076923
117.852106 2.100000
117.940450 2.071429
117.969928 1.928571
117.984673 1.909091
118.087987 2.071429
118.191482 1.900000
118.295159 2.090909
118.706381 1.777778
118.854505 2.000000
118.973270 1.933333
119.017868 2.083333
119.059518 1.933333
119.062500 1.888889
119.073758 2.066667
119.088613 1.933333
119.162941 2.000000
119.166771 1.933333
119.177818 2.066667
119.222470 2.000000
119.237362 2.066667
119.267156 1.933333
119.271225 2.066667
119.311876 1.800000
119.326790 1.933333
119.356629 2.066667
119.446236 1.933333
119.476135 2.066667
119.521012 1.800000
119.521012 1.933333
119.535978 1.800000
119.580899 1.933333
119.801692 2.000000
119.831571 1.933333
119.936267 2.066667
119.996175 1.933333
120.041145 2.000000
120.071144 1.933333
120.086149 2.066667
120.101158 1.933333
120.131187 2.066667
120.176259 1.933333
120.191291 2.066667
120.251454 1.933333
120.749461 2.000000
120.750109 2.066667
120.809791 2.000000
120.906549 1.933333
120.960878 1.928571
120.964112 2.076923
121.085001 2.125000
121.281961 2.000000
121.420402 2.066667
121.481143 1.933333
121.572368 2.000000
122.848921 1.909091
122.940656 2.090909
123.023224 2.000000
123.216686 2.090909
123.377358 1.933333
123.393199 1.928571
123.423700 2.000000
123.463089 2.090909
123.648538 1.909091
123.693940 2.100000
123.910270 2.083333
123.925751 2.100000
123.941236 1.916667
123.962611 2.071429
124.080774 2.083333
124.117410 1.857143
124.194954 2.000000
124.205072 2.083333
124.272595 2.071429
124.490508 1.928571
125.487209 2.000000
125.502895 2.066667
125.534278 2.111111
125.581383 1.933333
125.817438 2.076923
125.863309 1.937500
126.583243 2.062500
126.946308 1.937500
127.015877 2.000000
127.120684 2.062500
127.152441 1.937500
127.200105 2.062500
127.216001 1.937500
127.263713 2.062500
127.279625 1.812500
127.286394 2.000000
127.327385 1.937500
127.359244 2.062500
127.423012 2.000000
127.502811 2.062500
127.621430 1.812500
127.669169 1.875000
127.908399 1.937500
128.004342 2.062500
128.004342 2.125000
128.010219 2.066667
128.020347 2.062500
128.084405 1.937500
128.084405 2.000000
128.100430 2.062500
128.132491 1.937500
128.132491 2.062500
128.180613 1.937500
128.266304 2.066667
128.276965 2.062500
128.314433 2.066667
128.453987 1.937500
128.458445 1.875000
129.089455 1.933333
129.116301 1.937500
129.132431 2.062500
129.180843 1.909091
129.180843 2.083333
129.213138 1.937500
129.310121 2.062500
130.054625 1.923077
130.119041 1.937500
130.152141 2.076923
130.184680 1.923077
130.184680 2.000000
130.217234 2.076923
130.517052 1.937500
130.794159 2.062500
131.323342 2.142857
131.438293 2.066667
132.139363 1.928571
132.532122 1.937500
132.791164 2.062500
133.040116 1.937500
133.306696 2.000000
134.737526 2.083333
134.792515 1.933333
134.886917 2.066667
134.917783 1.941176
134.937500 2.058824
135.007442 2.000000
135.055674 1.941176
135.086325 2.058824
135.103203 1.909091
135.103203 2.058824
135.153860 1.941176
135.153860 2.000000
135.170754 1.941176
135.170754 2.058824
135.174055 2.066667
135.187653 2.058824
135.221462 1.941176
135.242617 2.058824
135.255289 1.909091
135.306060 1.941176
135.322993 1.764706
135.360513 2.000000
135.424676 2.076923
135.432910 2.062500
135.458604 2.058824
135.534409 1.937500
135.766290 1.941176
135.783250 2.058824
135.805817 1.937500
135.817183 1.823529
135.817183 2.058824
135.834156 1.941176
135.834156 2.058824
135.851133 1.941176
135.851133 2.058824
135.868114 1.941176
135.868114 2.058824
135.919084 1.941176
135.936083 2.058824
136.425488 1.928571
136.936909 2.058824
136.971131 1.941176
137.339542 2.058824
138.518589 2.062500
138.639808 1.941176
138.639808 2.062500
138.919001 1.933333
138.971142 2.111111
140.078514 2.000000
140.218383 1.916667
140.428710 2.083333
140.481391 2.076923
140.494802 1.941176
140.565005 2.058824
140.600133 2.200000
140.763022 2.083333
140.934728 2.058824
141.093776 1.941176
141.234898 2.071429
141.311910 1.916667
141.482337 2.090909
141.570919 1.928571
142.043583 2.062500
142.365692 1.944444
142.827515 2.055556
142.892862 1.944444
142.892862 2.055556
142.970217 1.944444
142.988075 1.833333
143.041676 1.888889
143.077432 2.058824
143.131099 2.055556
143.166900 2.000000
143.310282 2.055556
143.400041 2.058824
143.610628 1.944444
143.610628 2.055556
143.664449 1.944444
143.664449 2.055556
143.700351 1.777778
143.754239 1.944444
143.772211 2.055556
143.844142 1.777778
143.898137 2.055556
144.404057 1.944444
144.409932 2.071429
144.422192 1.944444
145.245207 2.055556
145.819797 1.923077
145.983906 2.058824
145.998973 1.944444
146.002163 2.058824
146.305404 1.928571
146.396867 2.071429
146.433485 1.944444
146.653575 1.928571
147.277840 2.000000
147.351332 2.066667
148.155101 2.055556
148.631138 2.062500
148.656378 2.055556
149.020320 2.058824
149.449666 1.941176
149.507474 1.947368
149.801901 2.062500
150.509405 2.055556
150.697660 1.944444
150.908056 2.052632
150.945764 1.789474
150.945764 2.052632
150.963463 1.947368
150.964625 2.052632
151.021237 2.000000
151.114729 1.947368
151.267556 1.928571
151.494230 2.052632
151.513151 1.947368
151.532076 2.052632
151.551005 1.947368
151.588879 2.052632
151.664683 1.947368
151.664683 2.071429
151.702613 1.928571
151.740562 2.000000
151.835519 1.947368
152.350345 1.928571
152.455339 2.066667
152.471213 1.947368
152.623627 2.052632
152.642700 2.058824
152.795458 2.000000
153.283825 2.052632
153.336922 1.944444
153.526423 2.000000
154.002870 2.052632
154.099110 1.947368
154.118372 1.937500
154.118372 2.000000
154.214756 1.937500
154.234048 2.062500
154.311261 2.052632
155.655278 1.947368
156.434645 2.058824
157.064051 1.933333
157.217133 1.916667
157.543088 2.052632
157.596044 1.941176
157.653410 1.923077
158.314635 2.050000
158.354115 1.900000
158.470508 1.789474
158.571706 1.950000
158.571706 2.000000
158.849033 2.050000
158.849281 1.950000
158.868879 2.050000
158.888730 1.950000
159.027828 2.050000
159.104239 1.950000
159.147248 2.050000
159.187094 1.950000
159.342597 2.050000
159.442124 1.950000
159.521835 2.000000
159.541775 2.050000
159.821463 1.950000
159.841478 2.050000
160.065814 2.000000
160.225580 1.950000
160.465828 2.050000
160.586223 1.950000
160.605789 2.050000
160.661877 2.058824
160.762316 1.941176
161.246175 2.090909
161.812963 2.050000
162.417236 1.933333
162.741827 2.066667
162.965737 1.933333
163.128968 2.066667
163.149395 2.000000
163.186990 2.052632
163.361448 1.944444
163.545344 2.055556
163.615303 2.050000
163.676674 1.937500
164.243817 2.100000
165.553618 1.950000
165.657037 2.050000
165.781311 1.950000
165.781311 2.050000
165.885015 2.000000
166.313295 2.047619
166.335790 1.952381
166.626441 2.000000
166.645839 1.952381
166.730492 1.809524
166.730492 2.047619
166.834672 1.952381
166.834672 2.047619
166.980744 1.947368
167.149235 2.047619
167.190959 1.944444
167.232705 2.047619
167.295362 1.909091
167.295362 2.055556
167.336557 2.047619
167.420818 1.952381
167.420818 2.047619
167.546462 1.952381
167.546462 2.047619
167.630330 1.952381
167.819339 2.047619
167.840367 1.952381
168.150572 1.950000
168.232599 2.047619
168.295654 1.952381
168.311746 1.928571
168.358757 2.047619
168.442968 1.933333
169.514854 2.047619
169.641959 2.000000
169.806241 2.058824
169.815436 1.950000
169.827461 1.941176
170.042756 1.947368
170.106305 2.050000
170.425353 2.052632
170.553267 2.000000
170.637707 1.950000
170.680292 2.050000
170.830842 2.058824
170.838830 2.055556
171.000358 1.950000
171.411355 1.952381
171.629117 1.941176
171.647459 2.000000
171.668955 2.047619
173.335950 2.000000
173.357617 2.047619
173.422650 1.952381
173.590173 2.045455
173.618044 1.952381
173.726786 2.047619
173.952501 1.950000
174.017709 2.050000
174.061208 1.950000
174.126497 2.050000
174.434631 1.863636
174.543489 2.045455
174.646831 1.954545
174.739777 2.045455
174.761614 1.941176
174.761614 1.954545
174.805305 2.045455
174.827158 1.941176
174.827158 2.000000
174.914626 2.045455
174.951465 2.000000
174.980285 2.045455
175.169936 1.954545
175.257477 2.000000
175.279376 2.045455
175.309319 1.954545
175.323191 2.045455
175.345106 1.954545
175.367027 2.045455
175.388953 1.954545
175.388953 2.045455
175.476714 2.000000
175.498667 1.954545
175.520627 2.045455
175.652498 1.954545
175.652498 2.000000
175.718508 1.954545
175.784568 2.045455
175.933218 1.954545
176.285173 2.333333
176.329266 1.954545
176.498295 1.952381
176.660670 2.055556
177.399196 2.100000
177.465712 1.954545
177.465712 2.050000
177.487896 1.954545
177.621112 2.000000
177.737981 2.071429
178.083742 2.052632
178.194933 2.047619
178.350834 2.052632
178.475807 2.000000
178.507008 1.947368
178.542535 1.954545
178.854594 2.200000
178.966309 1.954545
179.190156 2.045455
179.698403 1.952381
179.978069 1.941176
180.000572 2.058824
180.844610 2.045455
180.995811 1.950000
181.025477 1.944444
181.214686 2.047619
181.229385 2.045455
181.501979 2.055556
181.524732 1.954545
182.324742 2.043478
182.620835 2.000000
182.726080 2.043478
182.840027 1.956522
182.849254 2.000000
182.895006 2.043478
182.917891 1.956522
183.228514 2.045455
183.251418 2.043478
183.366021 1.956522
183.366021 2.045455
183.411903 1.956522
184.039924 2.043478
184.085929 1.956522
184.293233 2.043478
184.993977 1.916667
185.271676 2.050000
185.581175 1.941176
185.881817 2.045455
185.905064 1.954545
186.067955 2.045455
187.036978 2.043478
187.472331 2.052632
188.194179 1.952381
188.225186 2.000000
188.335448 2.047619
188.507277 1.956522
188.736865 2.047619
189.433626 2.050000
190.332212 1.958333
190.546201 2.041667
190.571464 1.958333
190.616000 2.043478
190.617638 2.000000
190.689129 1.958333
190.689129 2.041667
190.736819 1.958333
190.897829 2.041667
190.945500 1.958333
190.945500 2.041667
190.993195 1.958333
190.999542 2.000000
191.232026 1.958333
191.236821 1.956522
191.279864 1.958333
191.375612 1.791667
191.503753 1.958333
191.578881 1.954545
191.767959 1.958333
191.814675 2.041667
191.842335 1.954545
191.862599 1.958333
191.886569 2.047619
192.054533 1.958333
192.078552 2.000000
192.098506 1.947368
192.226837 1.954545
192.299103 2.045455
192.670119 1.958333
193.079440 2.041667
193.248491 1.958333
193.884820 1.956522
193.997317 2.050000
194.121020 2.000000
194.177577 1.958333
194.760620 1.916667
195.919339 2.000000
196.066297 2.047619
196.412008 2.041667
198.214509 2.000000
198.338331 1.950000
198.338331 2.040000
198.348251 1.960000
198.412698 1.958333
198.412698 2.041667
198.571365 2.040000
198.586440 2.041667
198.621014 2.040000
198.972001 1.960000
198.972001 2.043478
199.009653 2.040000
199.046606 1.960000
199.570413 2.000000
199.595425 1.960000
199.636552 2.040000
199.908637 2.047619
199.936119 2.040000
200.760058 1.952381
200.861018 2.040000
200.955348 1.958333
201.185373 2.043478
201.212965 1.960000
201.932485 2.041667
202.064241 2.000000
202.190420 2.040000
202.707109 1.954545
203.022666 2.000000
203.477237 1.950000
203.945026 2.040000
204.077579 2.047619
204.276769 2.040000
204.346987 2.052632
204.714924 2.047619
205.783373 1.961538
206.043730 1.960000
206.089647 2.038462
206.095247 2.040000
206.166796 1.961538
206.400800 2.041667
206.478239 1.958333
206.501775 2.038462
206.553407 1.961538
206.630903 2.000000
206.637739 1.960000
206.656748 1.961538
206.736789 1.807692
206.829554 2.038462
206.889645 1.961538
207.010553 2.045455
207.062325 2.038462
207.062325 2.045455
207.088220 1.954545
207.088220 2.038462
207.269672 2.071429
207.295620 1.954545
207.329597 1.961538
207.640435 2.038462
207.666381 1.944444
207.692333 1.884615
207.770227 1.961538
207.822189 2.038462
208.089813 1.960000
208.108445 1.944444
208.375972 2.050000
208.672604 2.038462
209.425122 2.041667
209.451288 1.958333
209.477459 2.041667
210.393154 2.000000
210.878258 1.960000
211.167469 2.045455
213.038735 2.041667
213.172000 1.958333
213.254426 1.947368
213.510218 2.038462
213.670311 1.956522
213.724176 1.962963
213.750447 2.040000
213.777173 2.038462
214.459440 2.037037
214.513069 1.962963
214.711786 2.037037
214.845947 1.962963
214.953397 2.037037
215.335273 1.962963
215.411260 2.037037
215.685280 1.962963
215.788477 2.038462
215.955292 2.037037
216.031360 2.038462
216.166532 1.954545
216.356056 1.961538
216.445219 2.040000
216.678672 2.037037
216.796942 1.960000
218.362167 2.038462
218.692967 2.047619
219.020229 2.037037
219.948654 1.960000
220.031104 2.040000
220.294717 2.041667
221.370249 1.962963
221.480976 2.037037
221.612863 2.035714
221.975492 1.964286
222.141786 2.035714
222.147669 1.962963
222.447308 1.964286
222.460192 1.952381
222.502947 1.964286
222.565856 2.035714
222.614310 1.964286
222.614310 2.035714
223.331315 1.961538
223.579077 2.040000
223.718849 1.960000
223.913879 2.037037
223.945092 1.961538
224.128693 1.964286
224.394232 2.041667
224.422245 2.035714
224.618598 1.958333
224.646676 2.041667
225.485214 1.954545
225.887433 2.037037
227.323825 2.038462
227.377118 1.960000
227.380677 2.035714
228.462041 1.960000
228.482238 1.962963
228.861195 1.964286
230.036767 1.965517
230.381908 2.034483
230.618955 1.965517
230.653351 2.035714
230.763110 1.961538
230.763110 2.034483
230.820822 1.965517
230.878564 2.034483
230.912576 2.035714
231.017365 1.965517
231.085718 2.035714
231.184719 1.931034
231.184719 2.037037
231.242471 2.034483
231.259119 1.964286
231.358064 1.962963
231.358064 1.965517
231.399538 2.034483
231.415903 1.962963
231.444834 1.960000
231.473772 1.965517
231.531669 1.896552
231.531669 1.965517
233.303064 2.035714
233.554587 2.034483
233.574057 2.038462
234.286641 2.034483
235.356796 1.965517
236.798388 2.034483
236.827992 1.965517
237.603844 1.966667
237.999083 2.033333
238.078696 2.038462
238.138186 2.033333
238.160371 2.035714
238.197706 1.961538
238.244122 2.033333
238.287041 1.961538
238.338657 2.035714
238.465913 1.966667
238.504515 2.033333
238.691893 1.966667
238.755698 1.965517
238.954232 1.966667
239.133313 2.033333
239.384002 2.034483
239.462327 2.033333
239.582193 2.000000
239.582193 2.033333
239.852331 1.966667
240.089981 2.040000
240.541222 1.960000
240.597621 1.962963
240.867303 2.034483
241.198744 1.965517
241.318160 1.964286
241.691992 1.960000
242.142917 2.043478
242.386330 1.966667
242.658810 2.000000
242.788401 1.958333
243.366870 1.965517
243.640829 2.034483
244.185628 2.033333
245.158745 1.964286
245.158745 2.035714
245.571357 2.032258
245.847384 1.967742
245.939530 2.032258
245.954365 2.033333
246.081901 2.032258
246.093262 1.967742
246.143314 2.038462
246.185593 2.032258
246.261577 1.966667
246.420052 1.967742
246.450840 2.032258
246.467767 2.000000
246.913571 1.967742
246.971087 1.966667
247.088488 2.032258
247.249835 2.033333
247.521434 2.032258
247.862672 1.967742
247.866200 2.033333
248.102431 1.967742
248.130509 2.000000
248.319711 2.032258
248.389908 2.000000
248.392455 1.966667
248.412947 2.032258
248.568497 1.967742
248.618895 1.962963
248.703062 2.033333
248.867266 1.962963
249.116133 2.034483
249.273715 2.032258
250.691671 1.967742
250.754375 2.032258
251.162766 2.000000
252.068645 1.965517
252.226168 2.034483
252.290467 2.035714
252.383888 1.967742
252.600484 1.954545
252.636651 2.034483
253.458664 1.967742
253.627657 2.033333
253.838425 2.032258
253.881538 2.033333
253.937261 1.967742
254.063516 2.031250
254.155763 2.000000
254.190643 1.968750
254.241369 2.031250
254.336650 1.968750
254.378372 1.967742
254.400210 2.031250
254.814128 1.968750
254.973686 2.031250
255.001591 2.034483
255.081884 1.968750
255.133444 2.031250
255.337189 1.968750
255.383759 2.038462
255.799069 2.034483
255.816798 1.964286
255.895102 1.965517
255.924634 1.966667
256.052389 2.033333
256.094649 1.967742
256.190673 2.032258
256.479176 1.967742
257.242666 2.031250
257.489434 1.937500
258.061384 2.032258
258.200352 1.968750
258.418938 2.032258
258.589317 1.969697
258.806954 2.000000
258.994768 1.965517
259.059493 1.960000
259.221445 2.040000
259.358951 2.033333
259.811279 2.035714
261.306481 2.030303
261.522994 1.968750
261.599938 1.969697
261.695736 2.031250
261.763710 2.030303
261.882678 1.968750
261.959690 1.969697
262.024984 2.030303
262.198290 1.909091
262.417184 1.966667
262.427198 1.909091
262.450926 2.030303
262.548278 2.033333
262.582234 2.030303
262.615081 1.909091
262.615081 1.969697
262.713673 2.030303
262.787720 1.969697
262.876586 2.033333
262.919065 2.030303
262.944008 1.969697
262.984786 2.030303
263.017659 1.969697
263.106891 2.033333
263.116328 2.030303
263.182148 1.969697
263.436599 2.033333
263.656983 1.968750
263.689920 1.967742
263.722865 1.969697
263.953709 2.030303
263.986719 1.968750
264.019738 2.030303
264.085801 1.968750
264.317281 2.031250
264.397959 1.960000
264.482873 2.031250
264.549168 1.967742
264.596323 2.030303
264.728522 1.969697
264.827758 2.000000
264.847906 2.031250
264.925012 1.970588
265.391504 2.030303
266.113492 2.031250
266.132044 2.030303
266.231844 1.966667
266.389930 1.965517
266.431667 2.000000
266.864984 2.030303
268.067229 1.969697
268.520793 1.968750
268.755896 2.031250
268.789516 2.035714
268.986615 2.030303
269.609891 1.958333
269.625698 2.030303
269.740130 2.029412
269.807548 1.970588
269.875000 2.029412
270.030897 1.969697
270.126766 2.032258
270.172651 1.970588
270.397299 2.029412
270.551378 1.970588
270.612121 2.029412
270.619068 2.034483
270.702296 1.970588
270.957384 2.029412
271.227677 1.970588
271.233040 2.030303
271.296547 2.029412
271.436414 2.030303
271.634366 1.970588
271.946186 1.962963
272.383139 1.970588
272.861784 2.029412
273.217800 1.967742
273.392723 1.970588
273.528961 2.033333
273.559578 1.967742
273.699917 2.000000
273.871086 2.030303
274.674933 2.031250
275.998421 2.028571
276.002867 2.090909
276.348173 1.969697
276.938489 2.032258
277.163670 2.028571
277.458789 1.967742
277.641009 2.028571
277.744930 1.971429
277.814254 2.028571
277.907515 2.033333
277.925870 1.971429
277.960615 2.028571
277.995369 1.971429
278.126638 2.028571
278.230923 1.971429
278.265702 2.000000
278.335286 1.971429
278.544246 2.028571
278.622201 1.971429
278.726646 2.028571
279.030383 2.029412
279.167253 2.028571
279.271810 1.971429
279.424946 2.028571
279.516081 1.942857
279.828497 2.028571
279.865782 1.965517
280.037923 1.971429
280.076023 1.965517
280.076023 2.028571
280.216360 1.971429
280.547680 1.969697
280.942141 1.968750
281.019164 1.971429
281.165134 2.029412
281.248349 2.030303
281.270558 2.029412
281.388903 1.962963
281.599997 1.969697
281.865084 2.033333
282.748774 1.971429
282.945510 2.000000
283.031240 2.028571
283.449166 2.031250
283.590696 1.968750
283.683109 2.029412
283.860573 2.000000
284.428082 1.967742
284.428082 1.969697
284.463626 2.030303
284.643902 2.029412
285.574647 2.027778
285.918455 1.972222
285.992335 2.028571
286.038996 2.027778
286.047609 1.970588
286.050391 2.040000
286.119103 2.027778
286.154863 1.972222
286.311004 2.027778
286.333799 2.029412
286.369613 1.972222
286.420681 2.028571
286.489792 1.972222
286.561370 2.027778
286.635336 1.971429
286.668804 2.027778
286.776318 1.972222
286.991589 2.000000
287.065611 2.028571
287.293008 2.027778
287.423101 1.972222
287.547815 2.030303
287.655618 1.969697
288.640721 1.970588
288.709444 2.027778
288.748893 2.034483
288.929361 1.971429
289.077276 2.027778
289.290975 1.971429
289.653495 2.000000
289.800241 2.027778
290.378227 1.966667
290.847302 2.027778
290.956315 1.969697
290.992671 2.027778
291.100826 1.971429
291.174587 2.027778
291.214075 1.972222
291.320283 1.969697
291.501491 1.971429
293.062089 2.000000
293.098635 2.027027
293.895819 1.972973
294.005989 2.027027
294.116241 1.972973
294.209975 2.000000
294.226576 1.972973
294.300179 2.027027
294.467248 1.972973
294.651290 2.000000
294.651290 2.027027
294.715731 2.000000
294.724971 2.027027
294.742569 1.972973
294.779495 2.000000
294.798690 1.972973
294.798690 2.027027
294.861281 2.000000
294.934987 2.029412
295.045615 2.000000
295.119414 1.970588
295.140483 2.027027
295.324900 1.972973
295.324900 2.027027
295.657431 1.972973
295.657431 2.027027
295.842495 1.972973
295.940601 2.027778
296.171848 1.972973
296.421264 2.027778
296.579390 1.972973
296.579390 2.027027
296.802159 1.971429
298.121020 1.972222
298.194867 1.972973
298.376062 2.029412
298.679787 1.972222
298.951637 1.971429
299.112191 2.026316
299.121546 2.027027
299.288042 2.000000
299.762020 2.027027
300.586675 2.000000
300.898079 1.972222
301.514823 1.973684
301.534850 1.971429
301.546187 2.027778
301.616317 1.973684
301.760634 2.027027
301.767144 2.026316
301.853816 1.973684
301.853816 2.026316
301.986757 2.000000
302.024477 1.971429
302.118004 1.973684
302.137694 2.027027
302.421986 2.026316
302.450088 1.973684
302.639167 2.026316
302.648321 1.973684
303.026301 2.026316
303.350641 1.972973
303.443171 2.026316
303.541846 1.973684
303.734406 1.972222
303.810340 2.027778
303.861189 2.026316
303.920894 1.973684
304.034794 2.027027
304.338942 1.972973
305.426689 1.971429
305.476276 2.026316
305.579460 1.971429
306.276759 2.027027
306.558856 2.027778
308.506688 1.968750
308.545290 1.973684
308.772146 1.971429
308.815774 2.026316
309.234851 2.025641
309.387221 1.970588
309.446458 2.025641
309.523810 2.027778
309.548166 2.025641
309.620960 1.974359
309.625543 2.025641
309.780010 1.974359
309.814377 2.025641
309.833604 1.974359
309.969284 2.025641
310.051811 2.000000
310.124346 1.974359
310.357231 1.973684
310.360629 1.952381
310.360629 2.025641
310.438210 2.030303
310.554653 1.974359
311.287661 1.972973
311.310556 2.026316
311.667659 2.025641
311.823356 1.974359
312.050288 1.973684
312.480163 2.000000
312.672453 2.028571
312.674015 1.970588
312.871988 2.026316
312.950471 1.973684
313.264140 2.026316
313.518055 1.974359
313.733625 2.026316
314.125939 1.973684
314.127102 2.025000
315.267386 1.966667
315.889755 2.027778
316.087236 1.972222
316.601843 2.025641
316.706187 1.972973
317.009854 2.025641
317.219884 2.025000
317.480148 1.975000
317.599203 2.025000
317.737758 1.975000
317.738093 1.974359
317.738304 1.968750
317.817173 1.975000
317.817173 2.025000
317.936369 1.975000
318.010266 2.025000
318.055655 1.975000
318.073643 2.025000
318.232600 1.975000
318.275539 2.000000
318.804597 2.025000
319.083551 1.975000
319.229694 2.025000
319.241037 1.969697
319.337298 2.025641
319.611292 2.000000
319.670398 2.025000
319.776662 1.974359
319.856676 2.025641
319.890882 1.972973
319.890882 2.027027
320.251074 1.975000
320.297471 2.025641
320.531785 2.025000
320.612079 1.975000
320.732594 2.025000
321.252789 2.000000
321.526601 1.975000
321.921875 2.025641
321.962847 1.975000
323.163065 2.027027
323.343142 1.975000
323.860817 1.971429
323.925507 2.025641
324.354923 1.973684
324.452809 2.025641
324.504549 1.975610
324.787924 2.000000
324.803477 2.024390
325.128896 1.975000
325.249691 1.975610
325.493598 2.024390
325.498966 2.000000
325.566737 1.975610
325.574981 2.024390
325.783742 1.975610
325.865198 2.024390
325.946695 1.829268
326.028233 1.975610
326.062979 2.024390
326.225970 1.974359
326.289248 2.024390
326.313936 1.975610
326.470761 2.024390
326.740556 1.975000
326.985397 2.026316
326.990189 2.024390
327.002406 1.975610
327.023490 2.024390
327.166338 1.975610
327.182255 2.025000
327.228034 1.975610
327.889524 2.024390
327.890754 2.028571
327.930521 2.024390
328.739426 2.025641
328.873636 1.975610
329.068330 1.974359
329.163251 1.975000
329.369030 2.025000
329.451413 1.975000
329.469657 2.023810
329.492621 2.000000
329.492621 2.025000
329.934842 1.975610
330.680711 2.000000
330.772476 1.972222
331.007730 2.025641
331.396882 2.000000
331.562622 2.025000
331.728528 1.975000
332.686928 1.975610
333.177950 1.976190
333.458365 2.023810
333.594579 1.976190
333.640494 2.023810
333.752762 1.976190
333.794486 2.000000
333.847136 1.975000
333.890474 1.976190
334.305244 2.023810
334.307941 1.976190
334.507171 2.023810
334.808317 1.976190
334.841637 2.023810
334.925358 1.976190
334.967234 2.023810
335.051017 1.976190
335.061312 1.975610
335.134843 2.023810
335.188030 1.976190
335.302620 2.023810
335.687812 1.975610
335.854986 1.976190
336.427273 1.975000
336.576284 2.024390
336.736181 1.975610
337.187970 2.027027
337.214760 1.976190
337.283925 2.024390
337.735969 1.974359
337.857642 1.976190
337.889021 2.023810
337.918156 1.975610
337.931252 2.023810
338.031784 1.941176
338.455277 1.972973
338.497900 2.023810
339.302213 1.975610
340.772728 1.974359
340.985737 2.023810
341.319454 1.976744
341.468069 2.023256
341.661030 1.976744
341.746531 2.023256
341.829779 1.975000
341.845987 1.976744
341.957965 1.975000
342.142160 1.976744
342.194779 2.023256
342.441797 1.976744
342.914656 2.023256
343.129192 1.976744
343.258043 2.023256
343.698090 2.000000
344.317879 2.023810
344.619157 2.000000
344.662240 1.976190
345.072179 2.023256
345.223298 2.023810
345.416863 2.023256
346.173978 1.976744
346.585264 1.976190
346.620124 2.000000
346.779101 2.023256
346.932066 2.023810
347.018875 2.000000
347.039088 2.023256
347.497102 2.023810
347.894386 2.027778
348.031888 1.977273
348.099919 2.000000
348.111956 2.027778
348.465952 2.022727
348.621232 2.023256
348.991196 1.975610
349.449312 1.977273
349.471239 2.000000
349.566913 2.022727
349.711137 2.000000
349.829253 1.977273
350.148386 2.022727
350.192171 1.977273
350.279773 2.022727
350.296129 1.977273
350.508250 2.023256
350.558753 2.000000
350.815291 1.976744
350.997335 1.977273
351.078896 2.023256
351.261011 1.977273
351.585635 2.022727
351.731849 1.976744
353.730806 1.977273
353.909785 2.023810
354.753137 2.023256
355.020169 1.975000
355.108957 1.970588
355.730498 1.975610
356.258585 1.977273
356.648483 1.977778
356.651543 2.022222
356.657091 2.023810
356.658769 2.023256
357.231030 1.977778
357.450741 2.022222
357.540104 1.977778
357.846178 2.022222
358.022067 2.022727
358.595835 1.977778
358.831562 1.978261
359.126618 2.023256
359.430526 1.977778
360.105809 2.022222
361.779585 1.977273
362.666039 1.974359
362.837258 1.976190
362.863793 1.975610
363.278736 2.021739
363.469543 1.977778
364.129198 1.977273
364.558549 1.978261
364.897203 2.021739
365.013679 1.978261
365.580787 1.977778
365.605077 2.025000
365.626451 2.022222
365.698507 1.973684
365.771292 2.021739
365.946414 1.978261
366.136698 1.913043
366.202350 2.000000
366.340003 1.978261
366.502835 2.021739
366.548654 1.978261
366.640325 2.000000
366.686178 1.978261
366.788947 1.976744
366.909672 2.021739
367.092050 1.978261
367.247720 2.023256
367.321511 2.021739
367.421389 1.978261
367.474534 1.977778
367.615565 2.000000
367.919455 2.021739
367.924254 1.934783
367.934164 1.977778
368.217879 1.978261
368.460104 2.050000
368.771035 2.021739
368.909584 1.978261
369.150794 2.023810
369.207900 1.977778
369.577016 2.022222
370.148925 2.023256
370.681675 1.977778
372.305737 2.023810
372.329665 2.021277
373.155789 1.978723
373.193581 1.976744
373.373093 1.978261
373.400113 2.021277
373.448253 1.978723
373.660715 2.021277
373.680373 1.978723
374.130528 2.021277
374.270775 1.975000
374.692145 2.021277
374.980108 1.978723
375.214500 2.021277
375.355276 1.978723
378.998788 1.977778
379.473218 1.978261
380.132342 1.979167
380.334937 1.978723
380.844645 1.979167
381.332380 1.978723
381.333667 2.020833
381.425942 1.979167
381.517816 2.021739
381.648003 2.020833
381.708599 1.978261
381.934383 1.979167
382.940103 2.020833
384.301289 1.979167
384.933884 1.978723
385.550021 1.961538
385.665557 1.978261
386.940373 1.977273
387.360655 2.021277
387.818912 1.976190
387.978897 2.020833
388.271051 2.000000
388.921039 2.020408
388.969865 1.979592
388.969865 2.020408
389.229062 1.979167
389.261775 1.979592
390.084985 2.020408
390.280052 1.979592
390.632399 2.020833
391.356416 2.020408
392.873138 1.979167
392.972263 2.000000
392.972263 2.020408
393.574961 1.979592
393.790804 1.979167
393.840932 1.979592
394.479507 1.979167
394.923519 2.020833
394.972915 1.979167
395.726901 2.021277
396.053719 2.000000
396.162043 2.020000
396.498363 2.000000
396.775806 1.979167
397.471207 2.020833
397.489361 2.020000
397.638438 2.000000
397.660662 2.021277
397.695567 2.020000
398.107986 1.980000
398.285733 2.020000
398.391969 2.000000
398.924438 1.980000
399.020605 2.000000
399.441158 2.020000
  400 CPI, 100 Hz
400.080874 1.979592
400.495192 2.020000
401.434309 1.980392
402.174257 2.020000
402.543845 1.979592
404.442248 2.020833
405.258976 1.980392
405.393438 2.000000
405.464083 2.020408
405.512263 2.019608
405.562958 1.980392
405.637809 2.019608
405.954201 1.980392
406.106452 2.019608
406.448477 1.980392
406.956792 2.019608
408.451323 1.980000
408.454651 1.980392
408.502424 1.980000
409.300624 1.979592
410.377809 1.980000
410.964743 2.019608
411.772041 1.980769
412.138971 1.980000
412.179295 1.980769
412.572542 1.980392
412.620005 1.980769
412.735071 2.045455
412.778957 2.019608
412.797177 2.019231
412.920178 1.980769
413.040013 2.019231
413.120131 1.980000
413.191838 1.980392
413.349329 1.980769
413.619614 2.019231
413.638410 1.980000
413.659108 1.980769
413.694888 2.019231
413.811161 1.980392
413.917613 2.019231
415.228993 1.980769
415.711542 1.980392
416.008522 2.019231
416.472993 1.980769
418.886475 2.019231
419.787953 1.980392
420.310124 1.981132
420.477261 2.018868
420.517231 1.981132
420.582354 1.977778
420.677299 2.018868
420.920220 1.981132
420.992531 2.018868
421.039552 1.981132
421.308236 2.018868
421.360900 1.981132
421.500000 2.000000
421.711981 1.981132
422.046726 2.018868
423.016187 1.980769
424.160574 2.000000
424.819189 1.980769
424.868767 1.981132
425.467631 1.980000
425.685280 1.980392
426.553833 1.979592
427.394032 1.980769
427.447457 2.019231
429.064005 1.980000
429.285949 1.981481
429.369947 2.018519
429.393297 1.981481
429.393297 2.018519
429.438546 1.981481
429.446991 2.018519
429.906794 1.981481
429.906794 2.018519
430.014324 1.981481
430.121909 2.018519
430.135861 1.981481
430.243341 2.018519
430.350875 1.981481
432.308451 1.981132
433.049484 2.018868
436.406304 2.018182
436.502134 1.981132
436.578180 2.020000
436.632725 2.000000
436.741856 1.981818
436.829224 1.981132
437.126420 2.018182
437.320780 1.981818
437.701115 1.981481
437.703866 1.981818
438.087625 2.018182
438.143694 1.981818
439.274657 1.980769
439.384461 1.981132
439.482156 2.018182
440.690041 1.981818
440.916878 2.018868
441.021262 1.981818
441.256887 1.980392
441.493484 1.982143
442.141945 1.980392
444.319502 1.981818
444.737642 2.017857
445.248690 1.982143
445.743922 2.000000
446.045224 2.017857
446.435660 1.982143
446.653237 2.017857
446.958972 2.018868
451.981453 2.017544
452.507122 1.982456
453.460489 2.017544
453.674687 1.982143
453.754948 1.981818
453.777055 1.982456
454.546474 1.981818
454.880314 1.982456
454.971954 2.017544
455.050936 1.982456
455.107839 2.017544
455.722534 1.982456
456.655446 1.981818
457.787484 2.017544
458.180113 2.017857
459.075503 2.017544
459.926005 1.982759
462.947544 2.017241
465.082489 1.982759
465.752879 2.017857
466.147847 1.980392
466.589503 1.982759
468.253968 1.983051
468.800312 2.016949
468.976134 1.983051
469.211583 2.016949
469.387537 1.983051
470.479251 1.980392
470.727881 1.983051
471.140129 2.016949
471.361381 1.983051
472.092473 1.982759
474.832290 2.016667
476.770793 1.983333
476.887399 2.016667
477.084899 1.983333
477.089908 2.017544
477.247504 2.016667
477.292381 2.016393
477.322263 2.016667
477.332418 1.982759
477.423361 1.983333
477.571084 2.017241
477.665409 2.000000
478.080065 2.016667
479.301360 1.983333
479.644571 2.016667
484.772700 2.016393
485.227367 1.983607
485.681609 1.983333
485.750595 1.983607
486.280935 2.000000
486.828343 1.983607
487.621223 2.016393
488.577971 1.983607
489.805841 1.983051
490.938905 1.983871
493.159199 1.982143
493.167895 2.016129
493.252590 1.983871
493.394827 2.016129
493.429520 1.983871
493.430652 2.000000
493.722709 2.016129
493.991822 1.983871
494.011026 1.983607
494.362270 2.016129
494.803688 2.000000
495.647259 1.983871
498.945203 1.984127
498.984095 1.983871
499.314107 1.984127
500.251889 2.015873
500.439531 1.984127
500.628793 2.016393
500.821094 1.984127
501.067577 2.015873
501.258984 1.984127
501.383341 1.983871
501.759997 2.015873
501.760369 1.984127
502.074201 2.015873
502.388036 2.000000
502.576526 1.984127
503.139837 2.015873
503.385967 1.984127
507.803658 2.015625
507.873032 1.984375
507.975270 2.015625
508.057465 1.984375
508.570579 2.015625
508.736852 1.984375
508.836279 1.984127
508.975337 1.984375
509.166060 2.015625
509.182164 1.984375
509.654177 2.015625
510.227538 1.984375
510.227538 2.015625
510.965670 1.984375
512.081387 2.015625
512.934242 1.984375
513.300782 2.015625
514.105490 2.015873
514.284069 2.015625
515.255586 1.984375
515.988177 2.015385
516.256682 1.984615
516.293117 2.015385
516.467106 2.015152
516.874383 1.984615
517.267716 2.015385
517.486327 1.984615
517.716303 2.015385
518.195689 1.984615
518.519804 2.015385
519.700580 1.984615
519.752398 1.984375
519.897216 1.984848
520.664444 1.984615
522.589236 2.015625
523.215708 2.015152
524.027435 2.000000
524.219332 1.984848
525.310500 2.015152
525.565039 1.984848
531.938224 2.014925
532.758562 2.000000
532.826021 2.014925
533.224668 1.984615
533.758359 1.985075
533.958769 2.014925
535.711600 1.985075
536.831864 2.015152
537.436026 1.984848
537.636176 2.000000
538.393891 2.014925
539.469211 1.985294
539.875845 1.984615
540.342563 1.985294
541.139490 2.014706
541.427480 1.985294
542.050298 2.014706
542.941637 1.985294
544.593106 2.014706
547.438515 2.014493
547.657261 1.985507
547.986022 2.014493
548.204919 2.000000
548.314926 2.014493
549.329569 1.985507
550.361884 2.014493
550.993989 1.985507
555.890152 1.985714
557.227373 2.015152
557.528445 2.014286
557.737780 1.985714
559.270238 2.014286
560.549753 2.014493
560.783956 2.014286
563.821858 2.014085
564.512783 1.985915
566.370645 1.984848
568.285292 1.985915
571.269484 1.986111
572.661633 2.013889
572.667599 1.986111
572.733197 2.013889
572.876381 1.986111
572.876381 2.013889
573.764279 1.986111
574.858548 2.013699
575.664579 2.013889
575.947538 1.986111
577.262208 1.985915
578.075501 2.014286
579.419436 1.986301
580.089178 2.013699
580.306711 1.986301
580.398829 1.986111
580.577354 1.986301
581.246086 2.013699
581.391397 1.986301
581.682239 2.013699
582.469715 1.986301
584.264611 2.013699
587.490306 1.986486
590.359861 2.000000
591.019094 1.986486
594.376914 2.013333
594.879576 1.986486
595.291003 1.986667
597.065195 2.013333
598.315641 1.986667
599.307327 2.013333
599.814240 1.986667
602.295492 1.986842
603.760726 2.013158
605.993334 1.986842
607.541068 2.013158
608.835004 1.986842
609.383572 2.000000
609.592617 2.013514
612.398150 1.987013
614.707863 2.012987
616.385389 2.013158
620.163170 1.986667
621.673508 1.987179
623.232767 2.012821
626.017205 2.012658
627.749879 1.987342
628.450622 1.987013
628.474297 2.012658
628.947062 1.987342
635.037081 1.987500
636.147286 2.012500
636.863041 1.987500
637.742141 1.987654
643.357062 2.000000
644.275045 2.012346
645.495257 1.987654
647.360413 2.012346
647.575822 1.987654
652.263869 1.987805
652.666679 2.012048
653.242265 2.012195
656.644141 2.000000
657.688361 2.012048
659.659574 1.987952
663.781497 1.988095
664.656966 1.987952
667.262868 1.988095
668.866771 2.011905
671.698116 1.988095
674.946662 2.011765
675.278369 1.988095
675.465271 2.011765
676.545248 1.988235
676.992155 2.011765
679.425501 1.988235
680.573130 2.000000
681.299308 1.988235
682.067601 1.988372
683.692272 2.011628
684.119793 1.988372
684.283783 2.011628
685.829312 2.000000
685.915084 1.988372
686.093298 2.011628
686.344264 2.000000
687.211845 1.988372
690.054892 1.988506
691.637819 2.011494
692.116279 1.988506
692.462467 2.011494
693.215939 1.988506
693.691990 1.988372
695.464773 2.000000
698.697632 1.988636
704.260145 2.011364
706.485478 1.988764
709.019809 2.011236
710.306686 2.000000
719.817366 1.988636
722.287678 1.989011
723.428709 2.010989
725.316889 1.988889
733.097307 2.010870
744.077285 2.010753
748.074178 1.989362
749.103166 2.010638
749.196851 1.989362
753.603312 2.010638
754.292848 1.989474
754.385848 1.989362
771.553952 1.989691
774.775547 2.010309
778.811970 1.989796
785.954836 2.010000
787.733720 1.989899
790.088216 2.010204
791.454429 1.989899
794.604013 1.990000
801.928328 2.010000
802.015211 2.009901
802.599234 1.990099
804.763470 2.009901
805.808824 1.990099
807.019657 2.009901
808.324979 2.010000
811.024526 1.990196
826.833831 1.990385
828.089633 1.990291
829.586154 1.990385
835.632738 2.009524
838.676413 1.990476
843.873308 2.009434
848.501089 1.990654
852.215658 2.000000
853.676546 2.009346
864.359550 1.990826
874.049835 1.990909
896.077620 2.008929
936.054591 2.008547
936.886035 1.991525
956.533253 2.008333
967.499230 1.991803
968.385690 2.008264
968.496062 1.991667
977.106980 1.991870
997.913036 2.008000
1000.876532 1.992063
1008.184307 1.992126
1011.261627 2.000000
1012.411817 1.992126
1012.776437 2.000000
1013.915526 1.992126
1015.323229 2.000000
1017.485927 1.992126
1019.153928 2.000000
1027.291754 1.992126
  1920 x 1200 pixels, 508 x 318 mm
